2
-1285.38 950.532 950.532
46 45 37
0.957871 -0.231557 0.169897
46.4461 36.045 -16.0068 
36.045 180.136 -5.26514 
-16.0068 -5.26514 117.963 

4
-1280.53 910.036 910.036
82 80 71
0 0 1
22.3634 8.58379 0 
8.58379 43.0012 0 
0 0 0 

3
-1281.02 911.05 911.05
86 82 75
0 0 1
51.5559 23.4474 0 
23.4474 53.5382 0 
0 0 0 

14
-1246.55 989.63 989.63
11 19 14
0.72773 0.605329 -0.322468
38.6185 -1.5923 21.6997 
-1.5923 39.2129 18.0585 
21.6997 18.0585 110.548 

28
-1253.49 979.272 979.272
16 25 16
0 0 1
22.9169 7.29361 0 
7.29361 49.8009 0 
0 0 0 

27
-1238.96 965.191 965.191
19 13 11
0.981471 0.153515 -0.114662
11.575 -0.593277 5.66713 
-0.593277 26.502 15.9174 
5.66713 15.9174 80.64 

54
-1243.57 963.555 963.555
16 20 15
0 0 1
28.0534 0 0 
0 0 0 
0 0 0 

53
-1250.22 968.462 968.462
23 31 32
0 0 1
12.3894 2.16067e-008 0 
2.16067e-008 23.3201 0 
0 0 0 

25
-1266.42 969.189 969.189
43 38 35
-0.209894 0.538711 0.815925
37.3991 4.98909 1.7269 
4.98909 21.3367 -0.998061 
1.7269 -0.998061 18.9844 

11
-1234.5 938.048 938.048
10 12 11
0.977546 0.0681707 0.199389
30.5756 -0.800134 -1.13596 
-0.800134 124.751 -28.3737 
-1.13596 -28.3737 45.5583 

22
-1241.08 947.928 947.928
22 26 19
0 0 1
46.957 -19.4525 0 
-19.4525 28.102 0 
0 0 0 

21
-1252.24 941.764 941.764
33 37 23
0.956127 0.281673 -0.080513
9.91577 -9.83565 -2.82926 
-9.83565 47.2524 23.1224 
-2.82926 23.1224 54.551 

9
-1265.92 946.1 946.1
48 43 34
0.901888 0.0697103 0.426308
40.8285 -40.1641 -24.7023 
-40.1641 161.695 62.7893 
-24.7023 62.7893 68.04 

18
-1232.33 930.138 930.138
16 17 13
0.828181 -0.420785 -0.370212
34.0706 -2.06731 20.12 
-2.06731 29.4764 -8.43167 
20.12 -8.43167 80.7197 

17
-1242.2 919.203 919.203
24 27 17
0 0 1
35.6191 -17.844 0 
-17.844 47.5417 0 
0 0 0 

16
-1267.39 914.669 914.669
46 39 35
-0.0520335 0.975093 0.215605
80.1371 3.18762 2.10237 
3.18762 14.2346 -10.7354 
2.10237 -10.7354 60.75 

15
-1252.95 915.25 915.25
44 39 32
0.99531 0.0929995 0.0266384
30.5354 -2.07233 -0.248357 
-2.07233 53.5169 -3.50178 
-0.248357 -3.50178 51.84 

30
-1184.52 984.523 984.523
127 133 124
0.971888 -0.148992 0.182307
11.8549 8.76414 -19.9382 
8.76414 43.7168 -16.528 
-19.9382 -16.528 99.5556 

60
-1191.17 969.013 969.013
145 150 145
0 0 1
14.928 -12.5638 0 
-12.5638 48.5544 0 
0 0 0 

59
-1214.09 979.409 979.409
42 30 19
0.331629 0.930169 0.157507
40.1841 -6.44322 -41.635 
-6.44322 3.88896 4.40244 
-41.635 4.40244 64 

58
-1201.21 970.228 970.228
119 108 87
0 0 1
36.9385 1.46106 0 
1.46106 26.3474 0 
0 0 0 

57
-1187.54 952.953 952.953
153 155 146
0.935272 -0.353209 0.0225854
15.1235 1.56833 -0.587598 
1.56833 18.9035 3.65439 
-0.587598 3.65439 96 

27
-1185.27 957.819 957.819
149 146 131
0 0 1
13.0383 -6.53174 0 
-6.53174 13.0887 0 
0 0 0 

110
-1181.33 998.275 998.275
73 71 65
2.3694e-007 0.992015 0.126118
19.425 -4.47663 35.2122 
-4.47663 1.29662 -10.1989 
35.2122 -10.1989 80.2222 

109
-1175.88 995.031 995.031
80 77 71
0 0 1
25.9898 6.41277 0 
6.41277 21.4176 0 
0 0 0 

53
-1188.1 976.829 976.829
129 130 104
0 0 1
27.8694 1.46964 0 
1.46964 20.1238 0 
0 0 0 

25
-1185.06 989.887 989.887
80 73 62
0 0 1
42.7207 -22.7394 0 
-22.7394 45.9794 0 
0 0 0 

11
-1213.42 995.591 995.591
31 29 22
0.637291 0.282323 0.717045
164.063 -100.267 -95.6079 
-100.267 97.9418 55.3048 
-95.6079 55.3048 75.2703 

22
-1226.58 958.875 958.875
61 53 44
0.760517 0.570257 0.310516
51.3918 -33.5331 -59.5605 
-33.5331 25.0636 39.644 
-59.5605 39.644 75 

21
-1223.98 970.591 970.591
23 17 15
-0.240341 -0.258211 0.935715
32.5183 -3.76207 2.10406 
-3.76207 45.2835 5.9321 
2.10406 5.9321 22.4622 

20
-1237.52 997.993 997.993
10 15 6
0.993094 0.114036 -0.0275818
5.76957 -3.02466 -0.489463 
-3.02466 37.3381 22.9946 
-0.489463 22.9946 82.8827 

19
-1224.19 978.874 978.874
19 13 12
-0.194155 0.0962467 0.976238
56.6067 13.5788 6.36913 
13.5788 33.1818 1.18906 
6.36913 1.18906 19 

18
-1188.1 943.46 943.46
145 142 121
0 0 1
22.0022 -9.55266 0 
-9.55266 40.8611 0 
0 0 0 

36
-1202.95 952.241 952.241
128 116 97
0 0 1
5.95361 -8.94784 0 
-8.94784 28.3901 0 
0 0 0 

35
-1223.42 947.318 947.318
14 22 9
0.941855 -0.0971687 0.321663
12.6791 5.50192 -29.8693 
5.50192 25.3224 -9.03771 
-29.8693 -9.03771 86.64 

7
-1226.46 947.603 947.603
11 10 8
0.991907 0.0984302 0.0802014
10.9226 -15.5643 -12.9652 
-15.5643 142.657 27.6375 
-12.9652 27.6375 134.76 

14
-1161.19 995.661 995.661
88 80 69
0 0 1
66.2256 3.38294 0 
3.38294 28.9 0 
0 0 0 

58
-1154.52 1001.51 1001.51
110 107 99
3.44639e-010 0.994051 0.108912
27.8062 -1.32892 12.1291 
-1.32892 0.84702 -7.73083 
12.1291 -7.73083 70.56 

57
-1168.65 997.416 997.416
70 61 62
0 0 1
13.6482 -0.525943 0 
-0.525943 34.7794 0 
0 0 0 

27
-1166.93 986.291 986.291
83 73 84
0.960424 -0.276782 0.0312769
16.6492 20.3796 -6.71283 
20.3796 79.2403 -17.9991 
-6.71283 -17.9991 57.4083 

26
-1128.12 1013.49 1013.49
131 128 118
0 0 1
23.6191 1.74836 0 
1.74836 93.5916 0 
0 0 0 

25
-1142.68 1002.37 1002.37
115 117 107
0.413749 0.892714 0.178529
51.9043 -22.263 8.38475 
-22.263 22.5161 -23.5552 
8.38475 -23.5552 105.84 

11
-1166.49 986.474 986.474
105 99 99
-0.404249 0.0845479 0.910733
45.8277 50.9839 10.5876 
50.9839 159.5 8.87325 
10.5876 8.87325 15.1875 

46
-1131.86 1017.37 1017.37
131 129 117
0 0 1
26.43 -0.854257 0 
-0.854257 22.424 0 
0 0 0 

45
-1141.63 1013.75 1013.75
125 125 111
0.527665 0.839203 0.131559
10.8183 -2.83181 -6.26784 
-2.83181 8.20521 -10.6707 
-6.26784 -10.6707 97.9592 

21
-1156.34 1005.73 1005.73
104 105 90
0 0 1
44.2225 22.5933 0 
22.5933 34.2075 0 
0 0 0 

9
-1155.71 1002.35 1002.35
100 96 88
-0.340353 0.933355 -0.114053
48.1148 15.7995 10.5817 
15.7995 16.9763 23.5799 
10.5817 23.5799 169.722 

8
-1173.32 991.134 991.134
75 70 68
0.984237 -0.0118047 -0.17646
19.5898 0.180874 19.1288 
0.180874 43.6552 -0.830622 
19.1288 -0.830622 122.908 

7
-1178.6 967.777 967.777
150 150 144
0.961944 0.175475 -0.209459
21.3506 -5.34492 7.58479 
-5.34492 72.8862 20.8279 
7.58479 20.8279 71.0059 

2
-1139.99 1083.54 1083.54
69 62 59
0.923089 0.37049 0.103165
573.724 -913.989 -1615.39 
-913.989 1600.32 2525.6 
-1615.39 2525.6 5410.37 

10
-1114.2 1033.95 1033.95
121 115 109
0.939418 0.341294 -0.0318091
36.6311 -58.3337 28.0727 
-58.3337 170.609 -47.6782 
28.0727 -47.6782 331.997 

20
-1114.01 1008.94 1008.94
141 137 126
0.899615 0.0734235 -0.430467
41.2438 -15.2577 45.5967 
-15.2577 47.6208 -26.8649 
45.5967 -26.8649 108.889 

19
-1130.88 1000.75 1000.75
129 128 117
-0.188354 0.958033 0.216093
106.841 13.7654 19.017 
13.7654 19.5315 -8.05612 
19.017 -8.05612 67.3 

8
-1126.08 1011.21 1011.21
126 126 119
0.856146 -0.314658 0.409882
95.5083 105.571 -82.8221 
105.571 251.912 -40.2184 
-82.8221 -40.2184 159.178 

34
-1116.23 1037.64 1037.64
114 112 112
-0.216046 0.950464 -0.22348
24.7572 5.15236 1.41624 
5.15236 7.5908 12.1829 
1.41624 12.1829 54 

33
-1120.45 1024.39 1024.39
128 131 125
0.817924 0.478076 0.320069
11.4631 1.80565 -5.4268 
1.80565 18.0502 -16.0488 
-5.4268 -16.0488 48.2344 

15
-1118.4 1006.02 1006.02
135 134 121
0.960883 0.18565 0.20552
16.8031 -16.2847 -21.1845 
-16.2847 95.359 -1.75889 
-21.1845 -1.75889 109.76 

2
-1150.37 1154.35 1154.35
59 56 43
-0.515418 0.841396 -0.162472
294.962 99.4138 -222.462 
99.4138 137.078 70.5944 
-222.462 70.5944 1133.86 

22
-1114.41 1167.41 1167.41
76 73 55
0 0 1
107.285 -12.0182 0 
-12.0182 34.5099 0 
0 0 0 

21
-1133.49 1155.21 1155.21
66 67 50
0.939319 -0.331562 0.0880175
26.4284 13.682 -15.4794 
13.682 57.2647 -6.19702 
-15.4794 -6.19702 162 

20
-1169.8 1129.59 1129.59
44 45 30
0 0 1
106.332 -52.2435 0 
-52.2435 95.2206 0 
0 0 0 

19
-1158.63 1139.05 1139.05
42 43 31
0.353148 0.903338 -0.24345
116.89 -37.5669 15.8719 
-37.5669 25.6641 4.17037 
15.8719 4.17037 48.352 

18
-1140.58 1144.68 1144.68
67 65 54
0.269138 0.818115 -0.508185
73.84 -20.7518 -1.9617 
-20.7518 57.7916 58.7623 
-1.9617 58.7623 108.025 

17
-1151.76 1128.06 1128.06
47 44 36
0.283951 0.574262 0.76785
73.9968 19.4952 -41.5507 
19.4952 215.855 -167.848 
-41.5507 -167.848 141.96 

16
-1142.43 1100.59 1100.59
50 46 43
0.905468 0.197062 0.375892
54.5996 13.6248 -75.8118 
13.6248 568.524 -317.191 
-75.8118 -317.191 375 

15
-1134.55 1064.77 1064.77
69 63 70
0.676218 0.709274 -0.199148
41.662 -55.8099 -65.8708 
-55.8099 95.6079 142.02 
-65.8708 142.02 284.667 

0
-1078.81 1165.47 1165.47
93 88 74
-0.0550477 0.997286 -0.0488868
1095.63 0.359024 -1187.82 
0.359024 40.023 117.574 
-1187.82 117.574 3770.25 

0
-988.787 1169.73 1169.73
119 115 105
-0.0221909 0.996167 0.0846154
917.256 71.8672 -616.526 
71.8672 59.1686 -184.033 
-616.526 -184.033 2046.85 

0
-897.589 1173.12 1173.12
128 125 114
0.0737155 0.996401 0.041856
1055.36 -34.6177 -979.612 
-34.6177 35.8958 -50.5064 
-979.612 -50.5064 2958.8 

0
-804.222 1174.42 1174.42
132 130 121
-0.0972806 0.994791 -0.0304505
861.719 60.4031 -680.341 
60.4031 38.1054 36.5709 
-680.341 36.5709 3399.32 

0
-709.146 1169.88 1169.88
138 133 128
0.0816209 0.996066 0.034496
926.291 -48.5559 -691.68 
-48.5559 46.3908 -29.0248 
-691.68 -29.0248 2516.07 

0
-614.937 1170.01 1170.01
145 140 138
-0.000771167 0.999994 -0.00344385
846.959 -1.29617 -560.409 
-1.29617 25.1136 9.28524 
-560.409 9.28524 2846.74 

0
-523.492 1176.05 1176.05
166 167 172
0.0035182 0.999129 -0.0415924
844.718 -27.6343 -595.096 
-27.6343 38.3702 147.038 
-595.096 147.038 3513.93 

0
-427.115 1172.53 1172.53
166 165 177
-0.086252 0.996183 -0.0133968
759.145 59.6499 -261.507 
59.6499 34.93 13.113 
-261.507 13.113 2688.33 

0
-332.197 1169.1 1169.1
144 141 140
-0.0263206 0.999641 -0.00512427
752.457 17.2981 -219.62 
17.2981 53.2196 7.36324 
-219.62 7.36324 2617.22 

0
-238.811 1172.43 1172.43
138 132 128
0.0348452 0.993301 0.110175
753.502 -5.36806 -165.965 
-5.36806 92.8524 -152.728 
-165.965 -152.728 1505.15 

0
-143.811 1167.54 1167.54
136 127 123
-0.0937061 0.994845 0.0387663
725.415 59.3493 51.6354 
59.3493 82.2892 -70.2439 
51.6354 -70.2439 2001.42 

0
-50.031 1172.67 1172.67
132 124 118
-0.196426 0.978375 0.0648018
730.347 116.273 278.007 
116.273 87.5626 -71.3734 
278.007 -71.3734 1979.77 

0
43.9045 1167.84 1167.84
131 123 117
0.275526 0.959431 0.0598153
721.817 -170.471 -420.613 
-170.471 86.9126 -17.044 
-420.613 -17.044 2247.74 

0
137.497 1163.54 1163.54
131 122 117
0.0340154 0.999153 0.0231538
726.93 -22.957 33.6705 
-22.957 77.4349 -48.937 
33.6705 -48.937 2137.83 

0
231.071 1163.15 1163.15
132 122 117
-0.0325197 0.993359 0.110363
740.973 5.32178 151.067 
5.32178 83.2262 -155.909 
151.067 -155.909 1513.55 

2
375.181 1238.12 1238.12
115 104 101
-0.22971 0.921034 -0.31453
3788.52 8685.06 22728.9 
8685.06 21814.4 57281.9 
22728.9 57281.9 151225 

10
318.828 1153.35 1153.35
125 115 115
-0.0869286 0.9825 0.164737
372.264 44.6449 -81.2291 
44.6449 31.4821 -35.3412 
-81.2291 -35.3412 189.521 

9
291.937 1165.03 1165.03
133 122 115
0.686269 0.628721 0.36571
80.6474 -25.7161 -35.0278 
-25.7161 96.9659 -52.391 
-35.0278 -52.391 194.222 

3
331.239 1158.47 1158.47
117 107 104
0.408843 0.911441 -0.0460688
358.172 -160.782 -190.214 
-160.782 99.4771 122.369 
-190.214 122.369 754.083 

2
559.269 1544.77 1544.77
115 105 98
-0.0449836 0.998972 0.00562869
1511.66 59.2022 617.163 
59.2022 122.245 22.4107 
617.163 22.4107 1074.57 

1
552.739 1545.27 1545.27
116 105 96
0.0651334 0.930269 -0.361049
1870.62 1649.53 4556.66 
1649.53 3828.47 9719.95 
4556.66 9719.95 26037.7 

0
683.63 1553.47 1553.47
126 116 107
-0.0669745 0.989128 0.130923
1423.29 10.2183 596.916 
10.2183 145.047 -293.403 
596.916 -293.403 2627.55 

0
813.161 1562.16 1562.16
130 120 116
-0.00309645 0.999967 0.0075633
1468.73 -2.14919 838.286 
-2.14919 115.43 -29.1398 
838.286 -29.1398 4311.08 

0
904.435 1532.49 1532.49
189 183 190
0.348797 0.912032 -0.215728
1567.59 -75.6825 1995.23 
-75.6825 336.045 724.793 
1995.23 724.793 6425.82 

0
1049.63 1496.66 1496.66
201 205 212
0.136881 0.976745 -0.165027
604.051 -148.092 -407.346 
-148.092 152.805 554.224 
-407.346 554.224 2980.82 

0
1140.2 1497.97 1497.97
193 198 208
-0.0874011 0.971947 -0.21836
1475.87 689.384 2483.5 
689.384 401.612 1448.35 
2483.5 1448.35 5466.98 

0
1258.01 1476.94 1476.94
213 214 223
0.0613801 0.959026 -0.276588
1921.97 618.941 2565.98 
618.941 409.563 1453.9 
2565.98 1453.9 5640.46 

0
1407.64 1478.04 1478.04
188 183 194
0.0601047 0.939057 -0.338466
216.555 688.35 1947.49 
688.35 3069.43 8626.35 
1947.49 8626.35 24283.5 

0
1517.58 1483.92 1483.92
220 221 230
-0.20339 0.96176 -0.183442
4477.29 2247.03 6892.87 
2247.03 1256.28 3734.81 
6892.87 3734.81 12007.4 

0
1682.89 1535.99 1535.99
219 220 228
-0.0584874 0.968157 -0.243416
6976.75 3142.03 10826 
3142.03 1593.64 5495.27 
10826 5495.27 19277.7 

0
1816.9 1540.79 1540.79
224 225 232
0.0963448 0.966265 -0.238852
2895.18 868.237 4649.72 
868.237 558.897 2305.23 
4649.72 2305.23 11276.9 

0
2014.3 1565.04 1565.04
187 183 199
-0.0652297 0.964221 -0.256949
5792.84 2175.73 6699.56 
2175.73 927.563 2846.69 
6699.56 2846.69 9003.46 

0
2056.87 1532.32 1532.32
218 220 230
0.0322961 0.955894 -0.291932
7938.19 3869.86 13546.7 
3869.86 2219.28 7609.28 
13546.7 7609.28 26440.4 

0
2209.17 1549.3 1549.3
194 194 210
-0.0454361 0.966545 -0.25244
6248.64 2317.01 7754.15 
2317.01 952.19 3070.33 
7754.15 3070.33 10401.4 

0
2305 1500.36 1500.36
180 178 198
-0.0153396 0.949961 -0.311993
4553.5 3435.4 10237.6 
3435.4 2903.91 8593.43 
10237.6 8593.43 25688.1 

0
2223.84 1424.42 1424.42
208 209 220
0.720292 -0.614147 -0.322496
945.14 302.483 1500.71 
302.483 121.985 472.465 
1500.71 472.465 2467.4 

0
-1275.94 858.897 858.897
165 167 154
0.995213 0.0948856 -0.0233913
24.2594 -48.9294 -10.6288 
-48.9294 570.368 151.408 
-10.6288 151.408 181.804 

30
-1244.18 902.232 902.232
11 12 11
0 0 1
46.8541 10.2893 0 
10.2893 30.9274 0 
0 0 0 

29
-1238.03 912.687 912.687
11 15 10
-0.400861 0.90128 -0.164328
47.9806 18.1202 0.608067 
18.1202 16.5935 5.73128 
0.608067 5.73128 37.44 

28
-1252.07 890.849 890.849
44 42 37
-0.588601 0.722238 -0.363209
29.2362 23.4693 8.56797 
23.4693 49.6051 49.2209 
8.56797 49.2209 89.716 

27
-1243.7 906.553 906.553
25 26 18
-0.535466 0.844553 0.00273404
28.6646 11.5674 12.4083 
11.5674 17.6658 7.70403 
12.4083 7.70403 60.75 

26
-1246.18 884.492 884.492
32 26 30
0 0 1
50.5447 -0.868138 0 
-0.868138 28.4726 0 
0 0 0 

25
-1258.45 878.872 878.872
77 76 70
0.617962 -0.0547744 0.784298
30.5147 -12.3782 -15.8486 
-12.3782 28.7623 10.9587 
-15.8486 10.9587 24.75 

50
-1244.2 859.024 859.024
51 67 55
0.9876 0.156956 0.003297
3.23966 -5.34832 -8.19946 
-5.34832 34.9743 49.5416 
-8.19946 49.5416 100 

49
-1243.27 867.601 867.601
52 60 51
0 0 1
35.0129 2.1261 0 
2.1261 26.0359 0 
0 0 0 

23
-1249.4 859.358 859.358
77 85 73
0.768517 0.52746 0.36217
29.1291 -26.9318 -0.772732 
-26.9318 58.9874 -13.7872 
-0.772732 -13.7872 32 

22
-1248.78 889.617 889.617
32 30 29
0.286856 0.352265 0.890855
21.7384 7.06663 -7.46202 
7.06663 61.2164 -23.618 
-7.46202 -23.618 18.9844 

21
-1259 896.598 896.598
52 41 45
0.0626789 0.887276 -0.45696
68.2506 -21.0176 -32.5683 
-21.0176 23.9251 27.7158 
-32.5683 27.7158 57.5148 

42
-1262.68 872.203 872.203
142 144 132
0.252376 0.801437 -0.542223
84.4782 -14.7272 15.0139 
-14.7272 19.0441 13.232 
15.0139 13.232 32 

41
-1255.66 871.305 871.305
132 135 126
0 0 1
36.0761 23.7376 0 
23.7376 23.243 0 
0 0 0 

19
-1263.05 882.651 882.651
133 132 128
0 0 1
38.785 -4.91423 0 
-4.91423 28.1788 0 
0 0 0 

18
-1247.42 849.637 849.637
89 95 88
0 0 1
35.6807 -21.081 0 
-21.081 45.0599 0 
0 0 0 

17
-1254.23 847.469 847.469
126 132 122
0 0 1
26.1807 -16.9708 0 
-16.9708 88.1667 0 
0 0 0 

16
-1262.5 854.303 854.303
152 155 143
0 0 1
33.2012 4.53617 0 
4.53617 28.4817 0 
0 0 0 

32
-1263.63 839.052 839.052
153 160 148
-0.105726 0.994394 0.00128383
22.5924 1.49134 -2.96075 
1.49134 8.76074 -0.341334 
-2.96075 -0.341334 29.16 

31
-1259.56 827.776 827.776
155 162 147
0.103948 0.956812 -0.271488
17.0279 0.645583 7.40021 
0.645583 8.37475 16.9241 
7.40021 16.9241 66.1224 

62
-1197.31 925.316 925.316
164 161 161
0 0 1
11.8933 2.69085 0 
2.69085 30.4265 0 
0 0 0 

61
-1219.41 941.845 941.845
111 92 71
0.814785 -6.49212e-007 0.579764
45.0052 -30.5183 -63.2492 
-30.5183 24.7408 42.8897 
-63.2492 42.8897 88.8889 

29
-1192.26 934.796 934.796
161 159 155
0 0 1
24.7803 11.816 0 
11.816 58.8195 0 
0 0 0 

13
-1191.57 900.337 900.337
161 165 163
0.94332 0.328458 0.0475714
23.0062 -40.3722 -16.159 
-40.3722 120.105 27.4544 
-16.159 27.4544 139 

26
-1208.75 936.657 936.657
95 86 70
0.328632 -0.688478 0.646528
127.48 -18.1191 -75.9359 
-18.1191 31.197 25.3417 
-75.9359 25.3417 81.6326 

25
-1225.13 928.111 928.111
21 25 15
0.924413 0.237585 -0.298353
18.8253 -0.965224 14.5285 
-0.965224 47.0628 23.4271 
14.5285 23.4271 77.5586 

24
-1201.62 914.791 914.791
142 128 114
0 0 1
32.3282 16.7625 0 
16.7625 75.8729 0 
0 0 0 

23
-1216.91 913.726 913.726
34 29 17
0.488087 0.830241 0.269205
24.2194 -11.3596 10.1703 
-11.3596 31.8848 -45.3372 
10.1703 -45.3372 131.889 

46
-1190.75 882.565 882.565
171 173 164
0 0 1
17.8617 8.9481 0 
8.9481 17.9307 0 
0 0 0 

45
-1194.64 884.041 884.041
134 119 106
0 0 1
46.3111 6.58394 0 
6.58394 34.1352 0 
0 0 0 

21
-1184.93 864.902 864.902
171 165 155
0.219769 0.884147 -0.412294
65.7771 -2.55177 23.0661 
-2.55177 21.6624 18.8493 
23.0661 18.8493 64.955 

9
-1216.17 874.619 874.619
73 64 50
0 0 1
91.2511 35.1708 0 
35.1708 70.3533 0 
0 0 0 

18
-1224 899.356 899.356
18 18 11
0.130331 0.697281 -0.704849
68.0695 -0.465896 8.61274 
-0.465896 30.4438 11.2369 
8.61274 11.2369 31.7066 

17
-1229.35 912.326 912.326
5 12 10
0.952586 -0.166886 0.254418
18.7861 13.5479 -17.8144 
13.5479 81.1883 -5.11505 
-17.8144 -5.11505 75 

16
-1226.8 886.636 886.636
27 27 14
0.859342 -0.47064 -0.200076
25.7305 18.2021 11.0807 
18.2021 47.1725 -1.77717 
11.0807 -1.77717 64.955 

32
-1231.82 878.181 878.181
9 14 11
0.744717 0.656138 -0.121975
17.4209 -11.1076 -4.58085 
-11.1076 23.725 14.7023 
-4.58085 14.7023 59.5041 

64
-1240.02 864.347 864.347
29 43 35
0.999456 6.17744e-010 -0.032986
0.0737294 0.1732 2.23396 
0.1732 12.1867 5.24786 
2.23396 5.24786 67.6875 

63
-1233.26 866.752 866.752
16 28 21
0 0 1
19.1582 -2.39934 0 
-2.39934 19.2322 0 
0 0 0 

0
-1172.99 932.867 932.867
153 153 151
0.992599 -0.112316 -0.0461782
58.6928 98.6879 146.286 
98.6879 691.478 538.499 
146.286 538.499 1875.39 

14
-1167.55 984.363 984.363
89 82 83
-0.354474 0.904179 -0.238348
134.203 41.4399 -10.8063 
41.4399 47.8747 39.4343 
-10.8063 39.4343 186.9 

13
-1152.76 997.913 997.913
107 105 106
0 0 1
92.5668 61.0944 0 
61.0944 97.9237 0 
0 0 0 

12
-1147.34 1008.31 1008.31
125 125 118
-0.376965 0.924356 -0.0588561
161.689 57.6747 -34.9652 
57.6747 37.9243 -6.31875 
-34.9652 -6.31875 139.516 

50
-1170.08 995.88 995.88
76 72 63
0.755551 0.651073 0.0724246
12.316 -5.87196 -3.63647 
-5.87196 14.5032 -7.02539 
-3.63647 -7.02539 108 

49
-1166.02 983.007 983.007
72 64 72
0 0 1
39.1806 13.8123 0 
13.8123 22.822 0 
0 0 0 

23
-1172.19 971.819 971.819
124 123 123
0.996865 0.0589527 0.0527661
9.86478 -4.14169 -4.12431 
-4.14169 102.057 -25.2737 
-4.12431 -25.2737 115.556 

10
-1166.05 988.736 988.736
103 96 95
-0.628658 0.77513 0.0629478
170.826 120.976 11.2927 
120.976 118.558 1.11476 
11.2927 1.11476 119.585 

20
-1174.09 957.277 957.277
162 159 156
0 0 1
32.2954 -21.1031 0 
-21.1031 43.2276 0 
0 0 0 

40
-1175.16 964.157 964.157
155 153 157
0.973716 -0.0205212 0.226839
8.55797 0.856279 -27.6771 
0.856279 55.2598 1.13424 
-27.6771 1.13424 121 

39
-1173.6 941.377 941.377
162 160 160
0 0 1
54.5425 -17.0775 0 
-17.0775 29.801 0 
0 0 0 

3
-1136.23 996.769 996.769
114 114 104
-0.326664 0.917439 -0.227149
276.597 141.617 200.816 
141.617 138.489 280.948 
200.816 280.948 864.44 

6
-1137.51 1098.03 1098.03
37 40 34
-0.0232209 0.834891 -0.549926
287.674 -368.825 -570.42 
-368.825 726.924 1058.99 
-570.42 1058.99 1671.48 

26
-1115.33 1046.91 1046.91
72 69 71
0 0 1
55.523 -2.43048 0 
-2.43048 49.2445 0 
0 0 0 

25
-1128.17 1068.07 1068.07
57 54 49
0.928638 0.331191 0.167162
57.126 -96.0762 -81.5649 
-96.0762 257.583 39.6007 
-81.5649 39.6007 382.839 

24
-1112.77 1018.66 1018.66
131 132 125
-0.117521 0.110809 0.986869
90.9828 21.7273 4.9733 
21.7273 52.1504 -0.0419283 
4.9733 -0.0419283 29.3306 

23
-1115.56 1015.12 1015.12
137 137 132
0 0 1
152.953 67.2604 0 
67.2604 81.097 0 
0 0 0 

10
-1115.35 1020.62 1020.62
124 122 116
0.906538 0.0659373 0.416943
45.9667 14.349 -28.6305 
14.349 313.682 -75.4534 
-28.6305 -75.4534 108.025 

20
-1140.41 989.539 989.539
115 118 108
-0.0841491 0.972698 -0.216282
131.455 3.87014 -25.7417 
3.87014 31.9925 49.9248 
-25.7417 49.9248 255.102 

19
-1129.21 997.894 997.894
132 133 122
0 0 1
64.3194 -36.7234 0 
-36.7234 130.057 0 
0 0 0 

18
-1116.92 1045.81 1045.81
89 82 82
0.795027 0.572312 -0.200974
31.7953 -17.4616 19.8407 
-17.4616 44.1627 16.2208 
19.8407 16.2208 138.889 

17
-1119.93 1022.87 1022.87
144 146 130
0 0 1
45.2831 -1.77688 0 
-1.77688 34.0652 0 
0 0 0 

7
-1119.6 1021.42 1021.42
145 144 134
0.812386 -0.526608 0.250425
95.4941 33.0731 -191.276 
33.0731 80.1225 29.4578 
-191.276 29.4578 697.542 

30
-1141 1162.46 1162.46
58 55 38
0.928516 -0.271652 0.253109
79.1145 6.76528 -253.591 
6.76528 81.4413 53.9956 
-253.591 53.9956 996.24 

60
-1129.25 1151.65 1151.65
55 52 40
0.784776 -0.565796 -0.252984
35.36 47.3701 -24.9541 
47.3701 123.417 -108.383 
-24.9541 -108.383 174.24 

59
-1148.8 1153.39 1153.39
50 48 40
0 0 1
156.449 -33.5892 0 
-33.5892 99.0934 0 
0 0 0 

28
-1140.98 1155.94 1155.94
54 53 42
0 0 1
338.671 53.6963 0 
53.6963 47.2052 0 
0 0 0 

27
-1136.42 1128.65 1128.65
48 43 33
0.74994 0.654734 -0.0944104
66.4812 -37.0225 15.8547 
-37.0225 76.9226 16.3237 
15.8547 16.3237 271.308 

12
-1112.89 1163.42 1163.42
61 62 46
0.257297 0.948717 0.183669
201.66 -45.1277 -5.7521 
-45.1277 48.4357 -26.0359 
-5.7521 -26.0359 173.699 

24
-1146.32 1144.15 1144.15
51 46 33
0.808126 -0.562281 0.175425
62.4005 79.9571 63.4189 
79.9571 180.655 144.89 
63.4189 144.89 192.793 

23
-1130.16 1108.94 1108.94
37 34 29
0 0 1
66.0803 -85.1248 0 
-85.1248 153.522 0 
0 0 0 

10
-1141.06 1108.91 1108.91
39 35 31
0.563792 0.549043 0.617001
88.0225 -71.7218 10.4844 
-71.7218 218.193 -102.239 
10.4844 -102.239 111.049 

20
-1090.96 1159.88 1159.88
78 79 62
0.119529 -0.239033 0.963627
414.918 -34.7735 -54.2034 
-34.7735 59.3561 7.26034 
-54.2034 7.26034 56 

40
-1143.82 1140.63 1140.63
51 47 36
0.963078 -0.0299591 -0.267551
35.5498 27.1843 57.2851 
27.1843 175.418 80.3144 
57.2851 80.3144 216 

39
-1132.64 1142.71 1142.71
59 57 42
0.875561 -0.454772 -0.163023
54.5493 64.3335 14.4066 
64.3335 150.261 -22.1755 
14.4066 -22.1755 157.688 

8
-1131 1094.46 1094.46
44 43 36
0.975679 0.208873 -0.0665077
73.3884 -185.239 -21.6842 
-185.239 955.257 172 
-21.6842 172 257.28 

16
-1120.08 1060.72 1060.72
62 57 57
0 0 1
8.55305 8.56939 0 
8.56939 326.262 0 
0 0 0 

32
-1090.18 1032.44 1032.44
42 42 39
0 0 1
31.6724 -2.64453 0 
-2.64453 41.0682 0 
0 0 0 

31
-1093.45 1021.38 1021.38
90 87 97
0 0 1
0 0 0 
0 21.7058 0 
0 0 0 

0
-1060.28 1162.72 1162.72
66 68 58
-0.0243602 0.998609 -0.0467665
1843.65 -86.6579 -2764 
-86.6579 99.9155 261.922 
-2764 261.922 7122.33 

0
-959.289 1167.11 1167.11
80 79 73
-0.0837892 0.991709 -0.0974277
1409.89 -117.509 -2337.79 
-117.509 131.858 604.651 
-2337.79 604.651 8247.61 

0
-843.477 1158.65 1158.65
120 120 114
0.117365 0.990257 0.0749403
832.19 -50.3997 -512.066 
-50.3997 101.072 -199.764 
-512.066 -199.764 3521.6 

0
-756.402 1159.73 1159.73
137 133 129
0.00510752 0.999777 0.0204762
1149.46 22.2686 -1363.26 
22.2686 45.3317 -114.095 
-1363.26 -114.095 5954 

0
-653.79 1155.74 1155.74
141 138 137
0.157175 0.985105 0.0697437
1172.52 -81.4708 -1409.27 
-81.4708 61.1095 -163.181 
-1409.27 -163.181 5517.39 

0
-554.666 1157.95 1157.95
147 145 144
0.000311045 0.999248 0.0387777
986.479 34.7267 -902.452 
34.7267 47.7777 -207.122 
-902.452 -207.122 5384.23 

0
-453.826 1156.5 1156.5
151 149 152
0.0291237 0.99865 0.0430227
945.352 7.37621 -770.039 
7.37621 69.1899 -200.885 
-770.039 -200.885 5244.99 

0
-353.971 1157.69 1157.69
147 143 144
-0.0829287 0.995719 0.0408317
856.153 83.2784 -374.354 
83.2784 57.2633 -238.272 
-374.354 -238.272 5090.73 

0
-252.926 1153.91 1153.91
141 136 134
-0.00590588 0.99737 0.0722299
854.323 27.9574 -320.42 
27.9574 75.0314 -319.37 
-320.42 -319.37 4435.49 

0
-153.662 1158.69 1158.69
137 131 128
0.0291006 0.997331 0.0669613
850.95 -5.54703 -273.198 
-5.54703 53.0384 -307.872 
-273.198 -307.872 4736.42 

0
-53.4616 1160.83 1160.83
134 127 123
0.0818858 0.996481 0.0178788
845.626 -61.7545 -282.002 
-61.7545 39.1867 -86.8363 
-282.002 -86.8363 6163.99 

0
46.8443 1155.18 1155.18
135 126 122
0.0806246 0.995065 0.0578454
828.341 -58.2526 -89.4044 
-58.2526 65.6395 -269.633 
-89.4044 -269.633 4808.12 

0
147.007 1155.07 1155.07
135 125 119
-0.143743 0.988701 0.0425093
868.749 96.553 533.954 
96.553 67.428 -155.035 
533.954 -155.035 5458.13 

0
246.123 1151.53 1151.53
135 126 121
0.097014 0.993407 0.061084
826.925 -84.2328 150.988 
-84.2328 85.3842 -287.772 
150.988 -287.772 4499.69 

6
528.614 1536.1 1536.1
108 99 95
0.989364 -0.0993741 -0.106223
131.34 -50.219 1143.37 
-50.219 62.7388 -513.687 
1143.37 -513.687 11143.5 

5
358.913 1153.35 1153.35
116 106 104
-0.165292 0.986109 -0.0163878
715.324 117.973 103.717 
117.973 42.0275 27.4659 
103.717 27.4659 628.389 

1
339.925 1153.92 1153.92
122 113 111
-0.129046 0.99137 0.023084
810.145 88.7146 398.297 
88.7146 69.5661 -28.0325 
398.297 -28.0325 3487.84 

0
591.034 1527.15 1527.15
111 104 97
-0.0312412 0.999398 0.0150582
1672.92 25.5091 1520.56 
25.5091 126.418 -108.527 
1520.56 -108.527 10481.5 

0
727.819 1536.63 1536.63
121 113 107
-0.0801243 0.996483 0.0245506
1859.63 88.7833 2065.7 
88.7833 131.95 -93.4628 
2065.7 -93.4628 10657.7 

0
858.581 1532.51 1532.51
130 122 120
-0.140203 0.987652 0.0699008
1994.39 106.075 2233.48 
106.075 170.792 -312.668 
2233.48 -312.668 9031.18 

0
996.187 1540.09 1540.09
143 136 134
0.0318129 0.998502 -0.0445148
2137.26 72.3679 3053.27 
72.3679 157.295 522.61 
3053.27 522.61 14040.9 

0
1129.62 1539.94 1539.94
153 148 150
-0.0515504 0.997431 -0.0497491
2693.75 357.873 4512.99 
357.873 196.025 1059.53 
4512.99 1059.53 16691 

0
1266.03 1543.82 1543.82
161 156 160
0.129687 0.986375 -0.10122
2472.39 114.232 4043.02 
114.232 284.32 1107.86 
4043.02 1107.86 16161.6 

0
1405.15 1549.75 1549.75
167 162 166
0.00590341 0.997271 -0.0735879
3095.81 357.202 5069.19 
357.202 331.511 1140.88 
5069.19 1140.88 16117.5 

0
1540.85 1551.44 1551.44
171 166 174
0.259981 0.946097 -0.193157
3194.47 464.83 6161.11 
464.83 718.447 2633.41 
6161.11 2633.41 21499.8 

0
1676.02 1551.82 1551.82
173 167 175
-0.134422 0.99071 -0.0206006
4362.18 709.259 7024.32 
709.259 334.688 1304.36 
7024.32 1304.36 17105.3 

0
1831.89 1570.52 1570.52
175 169 179
-0.186385 0.976442 0.108729
3563.08 145.727 4409.13 
145.727 275.169 -177.954 
4409.13 -177.954 9383.84 

0
1975.61 1576.65 1576.65
174 169 176
-0.256427 0.953904 0.155923
4104.75 232.438 4986.68 
232.438 297.681 -167.071 
4986.68 -167.071 9430.97 

0
2122.94 1581.75 1581.75
168 161 171
-0.0571325 0.997907 0.0302957
3636.6 54.1283 4577 
54.1283 268.215 -32.7883 
4577 -32.7883 9975.58 

0
2267.4 1589.46 1589.46
168 160 172
-0.0671712 0.997035 -0.0375396
6710.57 822.457 10017.7 
822.457 209.498 1404.27 
10017.7 1404.27 19472.9 

0
2413.04 1594.95 1594.95
166 157 169
0.0889579 0.991256 -0.097461
5691.23 314.291 8257.18 
314.291 204.066 868.115 
8257.18 868.115 16513.1 

0
2489.44 1556.6 1556.6
162 155 167
0.267285 0.947449 -0.175781
4365.59 -4.65151 6230.8 
-4.65151 371.649 641.062 
6230.8 641.062 13181 

0
2515.75 1520.69 1520.69
163 153 163
0.860705 0.136429 -0.490484
3733.28 433.212 6580.78 
433.212 611.253 915.816 
6580.78 915.816 11854.5 

0
-1266.28 781.266 781.266
176 179 168
0.987699 0.00207198 0.156352
24.0248 -5.41619 -37.2367 
-5.41619 407.397 29.0562 
-37.2367 29.0562 252.964 

2
-1246.38 814.829 814.829
78 82 77
0.995981 0.0226595 -0.0866527
22.3208 -12.6356 36.2985 
-12.6356 390.375 -48.0865 
36.2985 -48.0865 423.514 

22
-1253.67 815.613 815.613
128 135 127
0 0 1
26.1555 -12.5118 0 
-12.5118 39.8785 0 
0 0 0 

21
-1268.41 819.415 819.415
162 161 151
0.971299 0.228669 -0.0654825
8.13738 -4.56817 -1.99535 
-4.56817 35.0796 29.6102 
-1.99535 29.6102 81 

20
-1246.48 795.57 795.57
112 115 119
0.999437 0.0172024 -0.0287946
11.1084 0.0350383 1.89566 
0.0350383 14.3386 3.17821 
1.89566 3.17821 78.75 

19
-1261.43 796.769 796.769
161 162 156
0 0 1
40.5477 6.25894 0 
6.25894 44.6573 0 
0 0 0 

18
-1243.31 773.932 773.932
92 97 92
0.470365 0.288544 0.833966
19.4245 -5.5761 -1.74944 
-5.5761 64.5583 -14.7275 
-1.74944 -14.7275 18.9844 

17
-1248.81 771.599 771.599
111 118 115
0 0 1
21.6212 9.06822 0 
9.06822 79.1103 0 
0 0 0 

7
-1258.34 769.951 769.951
157 161 156
0.0385211 -0.1075 0.993459
51.2514 7.42871 -0.913733 
7.42871 103.915 10.2037 
-0.913733 10.2037 8.09468 

30
-1177.08 844.304 844.304
171 175 177
0.986215 0.157475 0.0508039
8.93044 -19.9509 -3.91643 
-19.9509 131.158 -2.07461 
-3.91643 -2.07461 88 

29
-1198.03 841.165 841.165
120 103 95
0 0 1
94.1092 37.3869 0 
37.3869 127.456 0 
0 0 0 

28
-1181.09 831.595 831.595
165 158 152
0 0 1
56.7625 7.07385 0 
7.07385 41.8808 0 
0 0 0 

56
-1173.55 818.338 818.338
178 181 177
0.910576 0.413063 -0.0151664
9.06753 -7.09872 -2.96724 
-7.09872 21.871 8.86309 
-2.96724 8.86309 69.1358 

55
-1188.31 817.489 817.489
153 140 134
0.117986 0.990906 -0.0646955
89.345 -14.6576 -69.0525 
-14.6576 6.66677 12.4677 
-69.0525 12.4677 69.1358 

26
-1177.47 796.564 796.564
180 181 186
0 0 1
29.9151 26.2716 0 
26.2716 80.8588 0 
0 0 0 

25
-1178.43 802.451 802.451
178 176 173
0 0 1
20.7819 -4.93155 0 
-4.93155 30.47 0 
0 0 0 

50
-1182.78 797.525 797.525
183 184 189
0.978945 -4.68604e-009 0.204124
4.25909 -7.08318 -20.4259 
-7.08318 45.0416 33.9697 
-20.4259 33.9697 97.9592 

49
-1196.29 791.472 791.472
183 176 171
0.669702 0.244686 0.701162
79.3083 -4.85629 -73.0763 
-4.85629 91.5027 -26.9359 
-73.0763 -26.9359 80.2222 

23
-1203.39 793.328 793.328
119 100 89
0 0 1
49.1261 8.61227 0 
8.61227 77.3684 0 
0 0 0 

22
-1248.72 834.088 834.088
37 41 24
0 0 1
16.3693 -1.30799e-007 0 
-1.30799e-007 16.4327 0 
0 0 0 

44
-1237.91 846.58 846.58
35 35 24
0 0 1
22.3847 -3.204 0 
-3.204 21.2675 0 
0 0 0 

43
-1241.77 833.558 833.558
44 41 31
0.287955 0.921619 -0.260193
61.0372 -10.1687 25.4895 
-10.1687 11.9311 11.6687 
25.4895 11.6687 75 

86
-1185.16 857.33 857.33
168 171 178
0 0 1
0 0 0 
0 0 0 
0 0 0 

85
-1212.4 853.443 853.443
80 55 50
0.888567 -0.18218 0.421022
12.9685 -0.205736 -23.2963 
-0.205736 36.3287 15.3005 
-23.2963 15.3005 57.76 

41
-1225.35 855.228 855.228
38 37 27
0 0 1
23.6186 -8.87414 0 
-8.87414 23.7102 0 
0 0 0 

19
-1239.02 847.469 847.469
33 36 36
0.97933 -0.182988 0.0861867
8.08645 7.17784 -5.58064 
7.17784 48.9882 9.17005 
-5.58064 9.17005 89.1358 

38
-1213.29 812.883 812.883
96 76 75
0.614583 -0.599374 -0.512873
93.424 -16.0481 127.178 
-16.0481 35.4574 -57.2274 
127.178 -57.2274 222.222 

37
-1239.25 811.89 811.89
41 42 33
0 0 1
21.4962 16.1537 0 
16.1537 63.5398 0 
0 0 0 

17
-1240.84 821.539 821.539
35 39 32
0.258065 0.656969 0.708374
91.261 24.8732 -52.4693 
24.8732 40.7933 -37.1039 
-52.4693 -37.1039 64.0828 

16
-1235.42 796.622 796.622
36 41 31
0 0 1
39.7394 -3.95336 0 
-3.95336 45.835 0 
0 0 0 

15
-1237.75 792.142 792.142
35 42 45
0 0 1
10.5609 -2.35147 0 
-2.35147 60.3125 0 
0 0 0 

0
-1178.35 855.948 855.948
175 177 179
0.998972 0.0301383 -0.0338713
40.8765 3.56319 55.7829 
3.56319 809.952 790.992 
55.7829 790.992 2388.12 

2
-1177.39 939.897 939.897
157 159 162
0.983876 0.178808 0.00403143
57.6723 -129.978 -91.376 
-129.978 738.208 473.024 
-91.376 473.024 1353.86 

10
-1180.75 891.81 891.81
175 178 182
0 0 1
71.1581 -16.6927 0 
-16.6927 68.3857 0 
0 0 0 

9
-1186.6 897.654 897.654
177 177 178
0.973643 -0.213475 0.0802979
28.7167 69.0998 0.290667 
69.0998 343.674 39.6796 
0.290667 39.6796 115.556 

38
-1171.83 932.082 932.082
165 164 169
-0.103512 0.859243 -0.500985
57.9781 9.92687 9.02243 
9.92687 39.5084 32.705 
9.02243 32.705 73.4722 

37
-1176.43 912.125 912.125
173 171 175
0 0 1
23.7929 -15.1092 0 
-15.1092 54.4984 0 
0 0 0 

17
-1173.98 922.119 922.119
166 166 168
0 0 1
58.6617 21.9161 0 
21.9161 62.7386 0 
0 0 0 

7
-1178.85 879.094 879.094
177 178 179
0.97071 -0.0324162 0.238059
22.6197 -6.68624 -57.2332 
-6.68624 288.119 65.2973 
-57.2332 65.2973 251.073 

6
-1167.08 984.087 984.087
105 98 96
-0.651609 0.743688 -0.149447
214.077 102.988 -285.232 
102.988 113.423 -39.4676 
-285.232 -39.4676 1078.36 

12
-1147.38 998.651 998.651
114 115 105
-0.375007 0.926988 0.00785898
312.197 113.409 -121.258 
113.409 80.7052 -50.2171 
-121.258 -50.2171 171.585 

11
-1176.18 967.796 967.796
119 121 125
0.99149 0.00447708 -0.130107
25.6026 -0.784828 22.691 
-0.784828 210.097 0.470351 
22.691 0.470351 195.555 

4
-1139.55 990.068 990.068
111 112 103
-0.208902 0.961345 -0.179377
282.992 75.8196 112.884 
75.8196 84.6304 199.077 
112.884 199.077 966.469 

3
-1176.07 951.064 951.064
144 148 149
0.995154 0.0964556 -0.0191131
26.8092 -45.4663 -5.09386 
-45.4663 513.616 111.18 
-5.09386 111.18 318.357 

6
-1130.44 1081.16 1081.16
44 44 44
0.980509 0.060566 0.186908
93.7162 -174.473 -292.036 
-174.473 862.484 644.634 
-292.036 644.634 1350.39 

12
-1106.95 1018.97 1018.97
112 109 105
0.99194 0.125328 0.0186632
31.0216 -32.2339 14.0841 
-32.2339 309.988 -185.681 
14.0841 -185.681 525.547 

11
-1133.89 991.616 991.616
121 123 110
0 0 1
394.894 27.7999 0 
27.7999 18.5692 0 
0 0 0 

10
-1110.34 1023.96 1023.96
109 106 99
0.978396 -0.206737 -0.00118697
28.9241 24.5327 -10.5143 
24.5327 140.147 -50.9091 
-10.5143 -50.9091 224 

9
-1137.26 992.061 992.061
122 120 116
-0.233811 0.967459 -0.0967268
247.273 55.3666 -2.0468 
55.3666 32.5787 18.6684 
-2.0468 18.6684 209 

8
-1122.35 1007.46 1007.46
132 132 119
-0.0752907 -0.021872 0.996922
111.127 74.758 8.42893 
74.758 266.873 11.0351 
8.42893 11.0351 22.1154 

16
-1112.82 1031.23 1031.23
108 107 103
-0.295069 -0.383748 0.875027
81.1638 12.1874 25.8098 
12.1874 77.4234 29.0848 
25.8098 29.0848 41.9335 

15
-1121.68 1008.31 1008.31
141 142 132
0.906857 0.273777 0.3204
46.8383 14.1398 -81.093 
14.1398 118.31 -121.927 
-81.093 -121.927 356.166 

2
-1126.63 1146.52 1146.52
56 53 41
-0.553522 0.829214 -0.0775783
376.28 128.477 -522.48 
128.477 191.463 -52.1977 
-522.48 -52.1977 3280.55 

10
-1103.19 1147.35 1147.35
56 52 41
-0.208943 0.974092 0.0865357
189.027 43.1967 -109.36 
43.1967 46.2106 -45.1178 
-109.36 -45.1178 276.754 

42
-1142.2 1127.11 1127.11
34 38 26
0.813245 -0.544466 0.205402
15.9986 7.08881 -21.3482 
7.08881 44.4472 74.2156 
-21.3482 74.2156 287.109 

41
-1128.11 1143.43 1143.43
63 59 48
0 0 1
60.7303 -40.5652 0 
-40.5652 81.2874 0 
0 0 0 

19
-1132.75 1140.41 1140.41
62 56 49
0.722793 0.442589 -0.53074
44.7458 9.44058 65.3116 
9.44058 100.215 94.2847 
65.3116 94.2847 170.139 

3
-1107 1054.26 1054.26
55 53 49
0.9137 0.391207 -0.110043
223.493 -493.246 -205.488 
-493.246 1456.43 950.434 
-205.488 950.434 1709.69 

0
-1048.3 1147.76 1147.76
57 56 48
-0.0197025 0.999707 -0.0140742
2378.55 -16.3906 -4269.65 
-16.3906 160.743 58.2247 
-4269.65 58.2247 10273.1 

0
-882.757 1153.88 1153.88
99 98 91
-0.058558 0.992776 -0.104725
1350.73 78.2295 8.08024 
78.2295 78.4355 331.073 
8.08024 331.073 3172.9 

0
-807.127 1146.65 1146.65
132 130 122
0.102182 0.990505 0.0919725
972.539 -26.394 -727.901 
-26.394 100.215 -387.422 
-727.901 -387.422 5042.59 

0
-706.087 1139.98 1139.98
142 136 135
0.0338361 0.997797 0.0570587
1277.13 41.2655 -1454.61 
41.2655 59.4531 -345.926 
-1454.61 -345.926 6952.93 

0
-599.601 1143.16 1143.16
146 142 142
-0.0392702 0.998609 0.0351826
1144.49 82.223 -1107.94 
82.223 60.0206 -299.418 
-1107.94 -299.418 7308.14 

0
-491.161 1143.04 1143.04
151 146 148
0.0101979 0.997902 0.0639381
1100.66 47.2382 -905.156 
47.2382 73.3588 -403.198 
-905.156 -403.198 6485.21 

0
-381.339 1138.68 1138.68
154 149 152
0.0669693 0.994718 0.0777927
1071.84 -5.01475 -813.469 
-5.01475 85.7647 -422.065 
-813.469 -422.065 6149.56 

0
-274.537 1144.15 1144.15
147 141 141
-0.143325 0.988827 0.0409846
964.583 134.905 -164.149 
134.905 112.703 -298.22 
-164.149 -298.22 6701.84 

0
-165.546 1139.68 1139.68
142 133 133
0.0827674 0.994876 0.0580614
1003.89 -48.8262 -503.837 
-48.8262 87.4982 -340.76 
-503.837 -340.76 6620.67 

0
-57.565 1143.9 1143.9
138 129 127
-0.0916719 0.993379 0.069242
969.815 74.807 122.111 
74.807 102.45 -410.195 
122.111 -410.195 6113.47 

0
50.5603 1140.3 1140.3
138 129 126
0.168055 0.985625 0.0173326
961.761 -150.622 -352.673 
-150.622 69.2459 -88.6417 
-352.673 -88.6417 8502.16 

0
158.667 1139.08 1139.08
139 129 124
-0.0180631 0.998783 0.0459051
986.371 0.908421 345.61 
0.908421 72.2329 -313.364 
345.61 -313.364 7011.84 

0
266.337 1137.26 1137.26
139 128 127
-0.112806 0.992792 0.0404929
1055.26 78.4312 865.146 
78.4312 71.8789 -208.914 
865.146 -208.914 7586.67 

2
537.612 1469.16 1469.16
121 110 106
0.985513 -0.0100368 -0.169301
114.591 72.5549 245.135 
72.5549 1750.1 322.849 
245.135 322.849 1479.55 

1
364.702 1143.93 1143.93
125 116 114
-0.00642712 0.999815 -0.0181539
713.275 23.5698 1055.03 
23.5698 30.4767 198.17 
1055.03 198.17 10567.3 

6
642.997 1497.46 1497.46
119 112 105
-0.39811 0.903387 0.159375
536.398 119.002 300.044 
119.002 202.097 -19.3354 
300.044 -19.3354 1005.34 

5
659.128 1439.38 1439.38
127 119 115
0.0491396 -0.62804 0.776628
669.4 249.108 176.885 
249.108 920.109 500.901 
176.885 500.901 675.082 

4
584.282 1504.49 1504.49
118 111 103
-0.592947 0.752072 0.287752
339.224 7.56258 145.531 
7.56258 314.466 -129.365 
145.531 -129.365 897 

3
604.311 1444.36 1444.36
123 117 109
-0.191518 -0.434169 0.880238
830.913 257.748 272.129 
257.748 553.335 247.873 
272.129 247.873 345.96 

14
809.177 1492.13 1492.13
131 125 122
0 0 1
539.509 258.614 0 
258.614 545.798 0 
0 0 0 

13
792.381 1507.37 1507.37
123 118 114
0 0 1
134.649 51.2315 0 
51.2315 261.319 0 
0 0 0 

5
788.275 1429.94 1429.94
135 127 125
0.843141 0.475244 0.251508
440.071 -153.493 -436.669 
-153.493 366.228 244.48 
-436.669 244.48 1225.2 

4
733.337 1500.44 1500.44
125 116 112
0.130931 -0.431849 0.892392
573.888 -56.5741 -86.7145 
-56.5741 408.5 123.976 
-86.7145 123.976 242.18 

3
721.149 1442.74 1442.74
132 122 118
0.908382 0.1288 -0.397811
337.275 42.4488 276.051 
42.4488 502.945 187.762 
276.051 187.762 913.543 

14
941.644 1501.64 1501.64
137 129 125
0.0767997 -0.09112 0.992874
351.087 -131.784 -28.3513 
-131.784 383.322 32.4403 
-28.3513 32.4403 146.085 

13
953.922 1511.74 1511.74
130 124 123
0 0 1
44.3733 -20.0071 0 
-20.0071 140.768 0 
0 0 0 

5
930.481 1441.85 1441.85
143 134 131
0.13219 -0.30246 0.943951
677.051 -37.4768 -80.7928 
-37.4768 315.153 46.6727 
-80.7928 46.6727 212.14 

10
900.367 1522.95 1522.95
128 119 120
0.411717 0.873813 0.258726
426.862 -44.5014 -295.59 
-44.5014 183.158 -52.4424 
-295.59 -52.4424 794.16 

9
855.887 1502.99 1502.99
129 122 119
0 0 1
206.234 0.695406 0 
0.695406 301.602 0 
0 0 0 

3
861.949 1455.37 1455.37
139 131 127
0.864966 -0.092248 -0.49328
290.285 64.3824 122.08 
64.3824 605.086 39.7198 
122.08 39.7198 420.438 

14
1076.56 1498.73 1498.73
145 139 136
-0.241573 0.963667 -0.113971
499.36 96.1492 48.0178 
96.1492 164.88 19.5661 
48.0178 19.5661 202.123 

13
1055.42 1534.29 1534.29
136 130 132
-0.54793 0.829317 0.109572
194.709 90.4039 -32.5994 
90.4039 141.153 -128.859 
-32.5994 -128.859 876.671 

12
1096.43 1514.57 1514.57
141 136 135
0 0 1
233.362 -4.0374 0 
-4.0374 195.465 0 
0 0 0 

11
1099.97 1453.67 1453.67
149 141 137
-0.542154 0.759033 -0.360468
495.107 253.991 -48.0775 
253.991 479.107 400.382 
-48.0775 400.382 1022.93 

10
1004.89 1500.36 1500.36
139 131 131
0 0 1
303.281 188.109 0 
188.109 419.231 0 
0 0 0 

9
1015.84 1518.54 1518.54
131 126 127
-0.10284 0.968243 -0.22788
1944.32 288.613 374.766 
288.613 130.265 179.124 
374.766 179.124 649.406 

3
1028.94 1433.99 1433.99
146 137 137
0.091813 0.847827 -0.522264
1060.64 -225.756 -208.351 
